algorithm: t*((t>>p0|t>>p1)&p2&t>>p3)
parameters: 0 0 0 0 0 0 0 0 0 0 0 0 0 0 0 0 0 0 0 0
bit-depth: 8.000000000000000
samplerate: 8000.034179687500000
time: 2739594
loop-points: 0 4294899968
time-direction: FORWARD
interpolation: TRUE
