algorithm: 1
parameters: 9 11 0 0 0 14 12 4 15 9
bit-depth: 12.000000
tempo: 30.000000
time: 11222000
loop-points: 0 4294967295