algorithm: t*(p0&t>>p1)|((t*p2)*(t>>p3)*(t<<p4))
parameters: 9 11 0 0 0 14 12 4 15 9 0 0 0 0 0 0 0 0 0 0
bit-depth: 12.000000
tempo: 30.000000
time: 0
loop-points: 0 4294967295