algorithm: t*((t>>p0|t>>p1)&p2&t>>p3)
parameters: 187 168 195 227 158 130 241 47 226 207 0 0 0 0 0 0 0 0 0 0
bit-depth: 8.000000000000000
samplerate: 22050.000000000000000
time: 1118504
loop-points: 0 4294967295
