algorithm: ((((((t>>p0)%p1)*t)/(t%p2))|(t/((p3*(((t>>p4)%p5)+p6)))))^((t>>p7)%p8))-p9
parameters: 802 2912 3280 2145 3437 768 430 860 1909 760 0 0 0 0 0 0 0 0 0 0
bit-depth: 14.000000
tempo: 30.000000
time: 0
loop-points: 0 4294967295