algorithm: (((t%p0)*(t>>p1)|(357052691)-(t>>p2))/(t>>p3))^(t|(t>>p4))
parameters: 4095 662 0 2614 4064 0 16 32 16 32 0 0 0 0 0 0 0 0 0 0
bit-depth: 9.000000
samplerate: 14700.000000
time: 137400000
loop-points: 0 4294967295
time-direction: FORWARD
interpolation: TRUE
