algorithm: t*(t>>((t>>p0)|(t>>p1))&(p2&(t>>p3)))
parameters: 7186 6802 6399 7407 1346 1734 4385 4857 1576 7904 0 0 0 0 0 0 0 0 0 0
bit-depth: 16.000000
tempo: 30.000000
time: 422913
loop-points: 0 4294458112
