algorithm: 111
parameters: 4095 662 0 2614 4064 0 16 32 16 32
bit-depth: 9.000000
tempo: 30.000000
time: 137400000
loop-points: 0 4294967295