algorithm: 22
parameters: 7 6 383 2145 1 1 1 1 1 1
bit-depth: 14.000000
tempo: 30.000000
time: 37100700
loop-points: 0 4294967295
