algorithm: t*(t>>((t>>p0)|(t>>p1))&(p2&(t>>p3)))
parameters: 5356 952 1900 1511 0 0 0 0 0 0 0 0 0 0 0 0 0 0 0 0
bit-depth: 11.000000
samplerate: 22050.000000
time: 0
loop-points: 0 4294967295
