algorithm: 111
parameters: 16 32 16 32 16 32 16 32 16 32
bit-depth: 8.000000
tempo: 30.000000
time: 0
loop-points: 0 4294967295